M558 1953 l-30 -13 -9 6 -9 5 0 -8 0 -8 -60 -19 -60 -19 0 -10 0 -9
-12 4 -12 4 -23 -27 -24 -28 -35 -11 -34 -12 1 -11 1 -12 -1 -14 -1 -13 -18 4
-19 5 -22 -28 -23 -29 -11 7 -10 6 7 -11 7 -12 -12 0 -13 0 11 -11 12 -12 -35
-24 -35 -23 -10 5 -9 6 0 -10 0 -10 10 -6 10 -6 -6 -11 -7 -10 14 -9 14 -9
-15 -10 -15 -10 20 0 19 0 -12 -12 -12 -12 0 -23 0 -23 16 0 16 0 -10 -13 -11
-13 20 -17 20 -17 -9 -17 -9 -16 13 -51 14 -51 0 -27 0 -27 9 -5 8 -6 6 68 5
67 17 61 17 61 17 22 17 22 29 3 30 4 47 1 46 1 33 28 33 27 57 16 57 16 16
-9 16 -9 11 7 12 7 36 3 36 4 35 6 35 6 37 -25 36 -25 7 6 7 7 11 0 12 1 12
-17 12 -16 -8 -50 -8 -50 8 -20 7 -20 46 -29 46 -29 25 -81 25 -82 25 -26 24
-26 9 0 9 0 12 40 12 41 39 37 40 37 7 0 8 1 31 31 31 32 27 7 27 7 25 -12 24
-11 20 -32 20 -33 0 12 0 11 -24 29 -25 29 4 45 3 44 -15 45 -15 45 -2 10 -1
10 -15 35 -14 35 -10 7 -11 7 0 13 -1 13 -14 28 -13 27 -9 0 -9 0 5 9 6 9 -6
16 -6 17 -18 -6 -18 -6 1 13 0 13 -1 18 -2 18 -10 -6 -10 -6 0 10 0 9 -36 22
-35 22 -6 -6 -6 -6 -12 17 -12 16 -17 3 -16 2 0 -11 0 -12 -10 15 -9 14 -7 -7
-7 -7 -12 17 -12 17 -29 3 -29 4 -10 9 -10 8 -100 -3 -100 -3 -10 -2 -10 -2
-5 2 -5 2 -59 1 -58 2 -30 -12z M295 1395 l-40 -24 11 -1 10 0 11 11 10 10 39
14 39 14 -20 1 -20 0 -40 -25z M468 1415 l-5 -6 -44 -9 -44 -9 45 5 45 6 50 8
50 7 -46 2 -46 1 -5 -5z M340 1383 l-25 -5 -8 -7 -8 -8 31 5 30 4 6 9 5 9 -3
-1 -3 -2 -25 -4z M417 1373 l-58 -15 3 -4 4 -3 62 12 62 12 0 7 0 8 -7 -1 -8
-1 -58 -15z M318 1343 l12 -5 13 5 12 5 -25 0 -25 0 13 -5z M1285 1313 l-37
-38 -10 -20 -11 -20 19 16 19 16 15 -5 15 -5 -13 16 -13 16 24 16 24 15 39
-12 38 -13 14 -25 14 -25 -6 35 -6 35 -21 18 -21 17 -24 0 -23 0 -36 -37z
M432 1328 l-10 -13 -6 -20 -6 -20 9 -14 9 -14 17 17 18 17 16 -7 16 -6 50 -14
50 -13 85 -12 85 -12 32 -1 32 -2 -3 20 -3 19 -19 14 -19 14 -54 16 -54 15
-31 4 -31 4 -45 10 -45 9 -41 1 -42 0 -10 -12z M377 1296 l-7 -18 1 -26 1 -27
9 33 10 34 -4 11 -3 11 -7 -18z M351 1284 l1 -19 5 13 5 13 -6 6 -6 6 1 -19z
M244 1265 l-29 -27 -10 -6 -10 -7 -15 -25 -14 -25 -17 -33 -18 -33 14 -40 14
-39 -6 0 -6 0 18 -20 18 -20 -6 -99 -6 -100 55 -111 54 -112 31 -45 31 -45 43
-49 44 -48 17 -62 17 -61 25 -30 24 -29 -24 -47 -25 -47 -26 -43 -27 -42 -23
-1 -22 0 -20 -9 -20 -9 45 2 45 2 48 80 47 80 6 19 6 19 48 -74 48 -74 27 -30
26 -30 -49 75 -49 75 -12 23 -12 22 33 -20 33 -20 8 0 8 0 -6 11 -7 10 -22 9
-21 9 52 0 52 1 25 9 25 10 4 -12 4 -12 41 28 41 29 5 14 5 14 -7 0 -8 0 -29
-30 -29 -30 -7 0 -8 0 50 47 49 46 -4 5 -5 4 21 41 20 41 24 82 24 83 15 78
15 78 0 48 0 49 -16 34 -16 34 -10 6 -10 6 18 -33 18 -34 0 -75 0 -76 -19 -74
-18 -75 -20 -65 -20 -65 -15 -30 -14 -30 -21 -23 -20 -22 8 0 8 0 -19 -21 -19
-22 -40 -18 -40 -19 -80 1 -80 0 -21 17 -21 18 -22 66 -22 67 -48 80 -49 80 4
4 4 3 -49 55 -48 54 -32 62 -31 62 0 69 0 69 22 29 22 29 -21 -18 -20 -18 0
26 0 25 9 0 9 0 -6 -11 -7 -10 13 2 14 1 14 -1 14 -1 -19 -22 -19 -23 15 12
15 11 60 20 60 20 -24 -19 -23 -19 8 0 8 0 29 28 29 27 -6 -40 -6 -40 9 25 9
25 1 30 1 29 -12 -12 -12 -12 -24 0 -23 0 4 -7 5 -8 -56 0 -57 0 0 15 0 15 35
12 35 12 45 0 44 1 -39 20 -39 20 -14 0 -13 0 -29 -15 -29 -15 -13 -27 -13
-27 -10 -1 -10 0 -3 27 -3 27 17 28 17 28 45 42 45 43 14 -11 13 -12 -6 17 -6
16 12 15 12 14 -7 21 -6 20 -9 0 -8 0 -15 6 -15 5 -28 -26z m52 -679 l28 -45
11 6 10 6 -7 -8 -7 -8 18 -26 18 -26 12 -22 12 -23 -4 0 -3 0 -46 63 -45 62
-17 33 -17 32 5 0 4 0 28 -44z m529 -286 l-6 -10 -10 0 -10 0 6 10 6 10 10 0
10 0 -6 -10z M1443 1230 l0 -65 4 33 4 32 -4 33 -4 32 0 -65z M1380 1266 l0
-4 15 -36 16 -37 1 -33 1 -33 -16 -31 -15 -32 8 0 9 0 11 20 11 20 5 68 6 67
-10 -13 -9 -14 -11 31 -11 31 -5 0 -6 0 0 -4z M340 1229 l0 -24 10 -15 10 -15
-6 35 -7 35 -3 4 -4 4 0 -24z M851 1209 l-24 -20 -8 13 -8 12 -39 -31 -39 -32
-48 15 -48 14 -32 0 -33 0 -13 -17 -14 -16 23 12 23 12 22 -4 22 -4 -21 -2
-20 -1 -29 -30 -29 -30 7 0 6 0 52 20 51 20 56 -1 57 -2 25 12 25 11 -35 -5
-35 -6 28 16 29 16 21 5 21 4 20 20 20 20 -4 0 -5 -1 -24 -20z M1262 1204 l3
-27 25 -15 25 -16 -25 28 -25 28 23 -6 22 -7 0 4 0 5 -26 17 -25 16 3 -27z
M828 1163 l12 -5 13 5 12 5 -25 0 -25 0 13 -5z M1381 1154 l1 -19 5 13 5 13
-6 6 -6 6 1 -19z M270 1151 l0 -6 52 -20 51 -20 8 -15 8 -15 6 -20 7 -20 5 13
5 13 -6 24 -6 24 -33 16 -32 17 -32 8 -33 8 0 -7z M1230 1153 l0 -8 21 -34 20
-34 -6 -38 -7 -39 10 0 9 0 15 18 15 17 8 15 8 15 -20 -17 -20 -18 -4 0 -5 0
4 35 4 35 -26 31 -26 31 0 -9z M466 1123 l7 -28 3 -4 4 -4 0 31 0 32 -10 0
-10 0 6 -27z M853 1143 l17 -4 18 4 17 5 -35 0 -35 0 18 -5z M690 1096 l-35
-23 -22 -7 -22 -7 -38 16 -38 15 24 -20 23 -20 33 0 32 0 24 19 24 18 30 16
30 16 -15 1 -15 0 -35 -24z M768 1093 l22 -4 23 4 22 4 -45 0 -45 0 23 -4z
M1426 1023 l-7 -18 12 12 13 13 -6 5 -6 6 -6 -18z M650 995 l25 -14 10 -1 9 0
-12 12 -12 12 -22 3 -23 3 25 -15z M1396 972 l-14 -27 -18 -16 -19 -17 -32 -6
-31 -7 -11 18 -10 18 -1 -58 0 -58 10 6 10 6 0 19 0 19 19 11 20 10 9 0 10 0
-5 -142 -5 -143 30 -145 30 -145 32 -88 32 -88 4 4 4 4 -25 67 -25 66 0 12 0
12 43 -40 42 -40 20 -13 20 -13 -68 63 -67 64 -26 130 -26 130 -1 85 -1 85 23
89 22 90 14 33 14 33 -4 0 -4 0 -15 -28z M650 941 l0 -10 20 -6 20 -6 60 -61
61 -61 14 -31 13 -31 1 27 1 28 -35 39 -35 39 -54 41 -53 41 -6 0 -7 0 0 -9z
M590 916 l0 -4 16 -6 15 -6 -6 10 -6 10 -10 0 -9 0 0 -4z M621 875 l-1 -21
-12 -12 -12 -12 -43 0 -42 0 -26 -12 -26 -12 6 -14 5 -14 -37 6 -38 7 -23 3
-24 3 -9 14 -9 14 0 -11 0 -10 13 -18 13 -18 53 -3 53 -3 72 33 71 32 14 16
13 16 -5 18 -5 18 -1 -20z M275 799 l-7 -10 5 -5 5 -5 5 16 6 15 -4 0 -4 0 -6
-11z M857 775 l8 -30 -1 -95 -2 -95 -21 -47 -20 -48 5 0 5 0 24 53 25 52 -1
90 0 90 -15 30 -14 30 7 -30z M292 768 l-10 -13 -6 -23 -7 -22 11 -36 12 -37
53 -62 53 -63 26 -51 26 -51 9 -37 9 -38 1 28 1 28 -31 62 -32 62 -33 39 -34
40 -25 50 -25 50 0 24 0 23 10 20 11 19 -4 0 -5 0 -10 -12z M1278 679 l5 -105
-12 -23 -13 -23 6 -5 5 -6 11 29 11 29 0 70 -1 70 -9 35 -8 35 5 -106z M565
741 l-20 -8 85 4 85 3 -70 -20 -70 -20 -65 -15 -65 -15 -29 0 -30 0 20 15 19
14 30 1 30 1 30 15 30 14 -25 -6 -25 -6 -34 -3 -34 -3 -26 -20 -26 -19 -2 -37
-2 -36 18 0 18 0 32 -40 32 -40 20 0 21 0 25 20 26 20 21 1 21 0 -20 9 -20 8
27 7 28 7 16 -6 15 -6 15 15 15 15 39 0 39 0 -5 -17 -6 -18 26 30 26 30 12 28
13 28 12 -28 12 -28 1 26 0 26 -21 27 -20 26 -11 0 -11 0 18 -20 19 -21 -55
25 -54 26 -65 -1 -65 0 -20 -8z m210 -41 l6 -20 10 5 9 6 0 -10 0 -10 -52 -8
-53 -8 -14 2 -14 1 -14 -14 -15 -14 -8 5 -9 5 -34 -19 -33 -19 -47 -10 -47 -9
-8 11 -9 11 -7 28 -6 27 25 0 25 0 0 -12 0 -13 8 13 8 12 34 10 34 10 8 -13 8
-12 0 13 0 13 35 15 34 14 10 0 10 0 -6 -17 -5 -18 16 23 17 22 39 0 39 0 6
-20z M700 700 l0 -10 10 0 10 0 0 10 0 10 -10 0 -10 0 0 -10z M740 700 l0 -10
10 0 10 0 0 10 0 10 -10 0 -10 0 0 -10z M966 660 l-7 -55 -20 -79 -20 -80 -15
-30 -15 -31 16 20 15 19 20 66 19 65 11 67 12 67 -4 13 -5 13 -7 -55z M438
514 l11 -21 16 -13 15 -13 3 4 2 4 -29 30 -29 30 11 -21z M680 510 l-15 -10
12 0 12 0 6 10 6 10 -3 0 -3 0 -15 -10z M578 473 l12 -5 13 5 12 5 -25 0 -25
0 13 -5z M1116 371 l-95 -108 -27 -17 -26 -18 6 -5 5 -6 36 27 36 28 65 76 66
77 20 28 19 27 -5 0 -5 0 -95 -109z M513 463 l17 -5 13 5 12 5 -30 0 -30 0 18
-5z M635 450 l-30 -8 -45 -1 -45 -2 25 -10 25 -11 43 6 43 6 27 14 27 15 -20
-1 -20 0 -30 -8z